1 142
2 -150
3 107
4 144
5 215
6 118
7 -300
8 180
9 170
10 226
11 -50
12 107
13 215
14 107
15 -250
16 215
17 107
18 118
19 215
20 73
21 -100
22 116
23 215
24 120
25 278
26 226
27 -50
28 131
29 170
30 -250
31 215
32 -50
33 -300
34 44
35 289
36 215
37 254
38 131
39 -50
40 215
41 254
42 215
43 215
44 107
45 107
46 -300
47 -200
48 -300
49 155
50 215
51 142
52 105
53 215
54 215
55 181
56 226
57 215
58 243
59 215
60 215
61 215
62 215
63 215
64 -300
65 131
66 253
67 215
68 131
69 167
70 215
71 215
72 215
73 215
74 215
75 215
76 215
77 215
78 215
79 215
80 215
81 215
82 215
83 215
84 215
85 163
86 -300
87 -300
88 204
89 204
90 215
91 215
92 215
93 215
94 215
95 215
96 215
97 215
98 215
99 215
100 215
101 215
102 215
103 215
104 215
105 215
106 215
107 215
108 215
109 215
110 215
111 215
112 215
113 215
114 215
115 215
116 215
117 215
118 204
119 204
120 204
121 265
122 181
123 181
124 181
125 215
126 -300
127 108
128 179
129 -100
130 73
131 215
132 289
133 107
134 181
135 -150
136 215
137 -300
138 278
139 142
140 142
141 -50
142 120
143 -300
144 209
145 215
146 215
147 215
148 215
149 215
150 215
151 215
152 215
153 215
154 215
155 215
156 215
157 215
158 215
159 215
160 215
161 215
162 215
163 215
164 215
165 215
166 215
167 215
168 215
169 215
170 215
171 215
172 215
173 215
174 -300
175 215
176 142
177 108
178 -250
179 153
180 215
181 -100
182 142
183 -100
184 142
185 -150
186 152
187 278
188 152
189 120
190 211
191 215
192 215
193 26
194 -50
195 141
196 170
197 215
198 107
199 289
200 114
201 215
202 -250
203 -100
204 -200
205 -250
206 152
207 200
208 131
209 86
210 -200
211 215
212 181
213 199
214 204
215 204
216 204
217 204
218 215
219 215
220 215
221 215
222 215
223 215
224 215
225 204
226 215
227 226
228 215
229 215
230 215
231 215
232 215
233 215
234 215
235 215
236 215
237 215
238 215
239 215
240 215
241 215
242 204
243 204
244 215
245 204
246 215
247 226
248 289
249 278
250 142
251 -300
252 -300
253 -150
254 215
255 215
256 204
257 204
258 215
259 215
260 215
261 215
262 204
263 204
264 215
265 204
266 204
267 215
268 204
269 204
270 215
271 215
272 215
273 215
274 215
275 215
276 215
277 215
278 215
279 215
280 215
281 215
282 215
283 215
284 215
285 215
286 204
287 204
288 215
289 215
290 215
291 215
292 215
293 204
294 215
295 226
296 142
297 -300
298 -300
299 215
300 215
301 215
302 142
303 -100
304 215
305 215
306 215
307 204
308 215
309 226
310 215
311 215
312 215
313 153
314 -100
315 204
316 204
317 289
318 289
319 215
320 215
321 142
322 -300
323 215
324 215
325 215
326 215
327 278
328 -100
329 -150
330 142
331 131
332 84
333 118
334 131
335 -200
336 215
337 211
338 107
339 -150
340 208
341 215
342 204
343 215
344 226
345 215
346 215
347 215
348 215
349 215
350 215
351 215
352 215
353 226
354 226
355 215
356 215
357 215
358 215
359 215
360 215
361 215
362 215
363 289
364 289
365 215
366 -300
367 -300
368 107
369 84
370 221
371 -100
372 -300
373 289
374 -150
375 -100
376 208
377 226
378 226
379 215
380 215
381 215
382 215
383 300
384 215
385 -150
386 163
387 142
388 248
389 215
390 215
391 110
392 -100
393 -300
394 215
395 215
396 300
397 135
398 226
399 243
400 237
401 237
402 215
403 215
404 215
405 23
406 226
407 163
408 -50
409 126
410 213
411 215
412 215
413 215
414 237
415 237
416 215
417 215
418 278
419 226
420 289
421 34
422 -300
423 226
424 142
425 120
426 289
427 146
428 289
429 -250
430 -100
431 -300
432 -100
433 191
434 -250
435 209
436 215
437 215
438 215
439 215
440 215
441 215
442 215
443 215
444 215
445 215
446 300
447 215
448 118
449 215
450 215
451 204
452 204
453 204
454 204
455 215
456 215
457 215
458 215
459 204
460 204
461 215
462 215
463 215
464 215
465 215
466 215
467 289
468 152
469 142
470 289
471 -300
472 142
473 -50
474 278
475 278
476 215
477 153
478 44
479 181
480 215
481 51
482 152
483 -50
484 152
485 289
486 -250
487 79
488 215
489 215
490 -250
491 -100
492 289
493 146
494 107
495 -300
496 209
497 289
498 289
499 226
500 237
501 289
502 215
503 131
504 205
505 215
506 215
507 215
508 215
509 215
510 215
511 215
512 215
513 215
514 215
515 215
516 215
517 215
518 215
519 215
520 215
521 278
522 204
523 289
524 -300
525 215
526 142
527 -250
528 -250
529 142
530 242
531 -250
532 107
533 191
534 -150
535 209
536 215
537 215
538 215
539 215
540 215
541 215
542 215
543 215
544 152
545 289
546 -300
547 215
548 229
549 215
550 215
551 215
552 215
553 215
554 215
555 278
556 289
557 289
558 289
559 215
560 215
561 215
562 215
563 215
564 204
565 215
566 226
567 215
568 215
569 215
570 215
571 226
572 226
573 215
574 215
575 267
576 226
577 97
578 226
579 204
580 215
581 -300
582 240
583 289
584 -250
585 142
586 224
587 267
588 278
589 278
590 143
591 278
592 -250
593 -200
594 -300
595 209
596 300
597 -200
598 120
599 215
600 137
601 237
602 237
603 215
604 110
605 148
606 237
607 237
608 226
609 131
610 86
611 -300
612 289
613 224
614 107
615 300
616 289
617 289
618 226
619 -250
620 215
621 215
622 215
623 142
624 142
625 204
626 215
627 215
628 215
629 215
630 215
631 215
632 215
633 215
634 215
635 215
636 226
637 226
638 215
639 215
640 289
641 215
642 289
643 289
644 -300
645 215
646 220
647 278
648 289
649 215
650 215
651 204
652 204
653 215
654 215
655 215
656 215
657 226
658 226
659 204
660 142
661 152
662 204
663 215
664 215
665 204
666 142
667 289
668 289
669 152
670 204
671 215
672 215
673 215
674 215
675 215
676 215
677 204
678 204
679 215
680 215
681 204
682 204
683 215
684 215
685 215
686 215
687 215
688 215
689 215
690 215
691 215
692 215
693 215
694 215
695 204
696 204
697 204
698 204
699 204
700 204
701 215
702 215
703 215
704 215
705 278
706 204
707 142
708 226
709 215
710 215
711 215
712 215
713 215
714 215
715 215
716 215
717 289
718 215
719 142
720 216
721 215
722 215
723 215
724 215
725 215
726 215
727 215
728 215
729 215
730 215
731 215
732 215
733 215
734 215
735 215
736 215
737 215
738 215
739 215
740 215
741 215
742 215
743 215
744 215
745 204
746 204
747 215
748 215
749 215
750 215
751 215
752 215
753 204
754 204
755 204
756 204
757 215
758 215
759 215
760 215
761 215
762 215
763 215
764 215
765 204
766 204
767 215
768 215
769 215
770 215
771 226
772 226
773 215
774 215
775 215
776 215
777 215
778 215
779 215
780 215
781 204
782 204
783 215
784 215
785 215
786 215
787 215
788 215
789 215
790 215
791 215
792 215
793 278
794 289
795 215
796 215
797 204
798 204
799 204
800 204
801 215
802 215
803 215
804 215
805 204
806 204
807 215
808 215
809 300
810 289
811 215
812 215
813 215
814 215
815 289
816 278
817 215
818 215
819 226
820 226
821 215
822 215
823 215
824 215
825 215
826 215
827 142
828 289
829 152
830 215
831 289
832 152
833 215
834 300
835 152
836 226
837 -100
838 300
839 278
840 215
841 226
842 215
843 215
844 215
845 215
846 226
847 226
848 215
849 215
850 226
851 226
852 289
853 215
854 300
855 289
856 142
857 226
858 289
859 289
860 278
861 -100
862 226
863 121
864 215
865 163
866 107
867 300
868 278
869 215
870 215
871 215
872 226
873 278
874 289
875 300
876 289
877 215
878 226
879 289
880 215
881 120
882 194
883 215
884 215
885 204
886 131
887 142
888 215
889 204
890 204
891 215
892 215
893 215
894 215
895 215
896 215
897 204
898 204
899 289
900 215
901 170
902 215
903 107
904 215
905 215
906 289
907 -50
908 -300
909 181
910 142
911 -300
912 215
913 73
914 -50
915 204
916 -50
917 113
918 -250
919 209
920 215
921 215
922 289
923 152
924 215
925 215
926 215
927 215
928 215
929 226
930 226
931 215
932 215
933 215
934 215
935 215
936 215
937 215
938 215
939 215
940 215
941 215
942 215
943 300
944 289
945 215
946 215
947 215
948 226
949 215
950 215
951 215
952 215
953 289
954 135
955 -50
956 215
957 34
958 120
959 289
960 -300
961 73
962 142
963 -250
964 97
965 -50
966 180
967 142
968 215
969 146
970 -50
971 -250
972 107
973 181
974 145
975 131
976 215
977 181
978 62
979 142
980 226
981 -300
982 -150
983 142
984 153
985 170
986 142
987 226
988 68
989 62
990 107
991 300
992 142
993 181
994 215
995 218
996 142
997 215
998 -300
999 288
1000 215
1001 289
1002 142
1003 215
1004 152
1005 215
1006 120
1007 142
1008 211
1009 142
1010 215
1011 62
1012 215
1013 142
1014 142
1015 152
1016 215
1017 -200
1018 108
1019 163
1020 -250
1021 209
1022 215
1023 142
1024 142
1025 215
1026 215
1027 215
1028 215
1029 215
1030 204
1031 204
1032 204
1033 204
1034 215
1035 -300
1036 226
1037 -100
1038 204
1039 204
1040 62
1041 -200
1042 152
1043 -50
1044 142
1045 -150
1046 142
1047 84
1048 215
1049 215
1050 226
1051 118
1052 62
1053 152
1054 73
1055 213
1056 -300
1057 289
1058 192
1059 62
1060 204
1061 -300
1062 215
1063 142
1064 73
1065 142
1066 226
1067 142
1068 224
1069 215
1070 215
1071 107
1072 -150
1073 34
1074 181
1075 267
1076 289
1077 142
1078 142
1079 -200
1080 -200
1081 181
1082 152
1083 215
1084 226
1085 278
1086 181
1087 131
1088 215
1089 278
1090 -150
1091 278
1092 -300
1093 142
1094 163
1095 142
1096 163
1097 142
1098 226
1099 142
1100 215
1101 -50
1102 208
1103 215
1104 215
1105 215
1106 215
1107 204
1108 204
1109 289
1110 215
1111 278
1112 278
1113 289
1114 278
1115 142
1116 226
1117 215
1118 215
1119 204
1120 204
1121 215
1122 215
1123 204
1124 204
1125 204
1126 204
1127 215
1128 215
1129 215
1130 215
1131 204
1132 204
1133 215
1134 215
1135 215
1136 215
1137 215
1138 215
1139 215
1140 215
1141 215
1142 215
1143 215
1144 215
1145 300
1146 278
1147 142
1148 142
1149 238
1150 215
1151 215
1152 215
1153 215
1154 204
1155 204
1156 215
1157 215
1158 204
1159 142
1160 152
1161 215
1162 215
1163 215
1164 204
1165 204
1166 215
1167 215
1168 215
1169 215
1170 215
1171 215
1172 142
1173 289
1174 142
1175 289
1176 215
1177 215
1178 226
1179 226
1180 215
1181 215
1182 215
1183 215
1184 215
1185 215
1186 289
1187 278
1188 204
1189 204
1190 215
1191 215
1192 215
1193 215
1194 215
1195 215
1196 215
1197 215
1198 215
1199 215
1200 215
1201 215
1202 215
1203 215
1204 215
1205 215
1206 289
1207 278
1208 215
1209 226
1210 204
1211 204
1212 215
1213 215
1214 215
1215 215
1216 204
1217 204
1218 215
1219 215
1220 289
1221 289
1222 215
1223 142
1224 -300
1225 -150
1226 300
1227 289
1228 204
1229 131
1230 -100
1231 215
1232 233
1233 289
1234 142
1235 215
1236 142
1237 -300
1238 -300
1239 84
1240 142
1241 -50
1242 215
1243 228
1244 289
1245 215
1246 -300
1247 288
1248 120
1249 142
1250 142
1251 131
1252 -250
1253 73
1254 142
1255 -250
1256 231
1257 289
1258 120
1259 152
1260 67
1261 142
1262 -50
1263 226
1264 131
1265 289
1266 278
1267 114
1268 278
1269 142
1270 225
1271 289
1272 215
1273 -200
1274 209
1275 289
1276 204
1277 118
1278 289
1279 278
1280 142
1281 152
1282 216
1283 215
1284 215
1285 278
1286 152
1287 204
1288 152
1289 108
1290 215
1291 215
1292 142
1293 142
1294 216
1295 215
1296 215
1297 289
1298 204
1299 118
1300 278
1301 289
1302 215
1303 215
1304 215
1305 215
1306 204
1307 204
1308 215
1309 215
1310 204
1311 204
1312 278
1313 142
1314 215
1315 215
1316 215
1317 215
1318 215
1319 215
1320 215
1321 215
1322 215
1323 278
1324 226
1325 34
1326 97
1327 204
1328 204
1329 215
1330 215
1331 215
1332 215
1333 278
1334 289
1335 215
1336 215
1337 288
1338 289
1339 289
1340 289
1341 215
1342 226
1343 215
1344 215
1345 278
1346 152
1347 215
1348 215
1349 215
1350 215
1351 215
1352 226
1353 215
1354 215
1355 226
1356 142
1357 278
1358 226
1359 205
1360 226
1361 226
1362 289
1363 152
1364 215
1365 226
1366 226
1367 215
1368 215
1369 289
1370 152
1371 215
1372 142
1373 152
1374 216
1375 289
1376 181
1377 289
1378 -300
1379 267
1380 108
1381 204
1382 142
1383 289
1384 215
1385 254
1386 289
1387 289
1388 278
1389 289
1390 278
1391 289
1392 142
1393 152
1394 216
1395 -300
1396 142
1397 289
1398 62
1399 215
1400 278
1401 -150
1402 289
1403 -250
1404 142
1405 152
1406 142
1407 142
1408 -300
1409 278
1410 23
1411 -250
1412 289
1413 278
1414 323
1415 215
1416 278
1417 108
1418 267
1419 -100
1420 215
1421 142
1422 246
1423 108
1424 142
1425 205
1426 152
1427 215
1428 278
1429 250
1430 216
1431 278
1432 -300
1433 152
1434 209
1435 142
1436 289
1437 142
1438 215
1439 142
1440 216
1441 397
1442 38
1443 215
1444 215
1445 108
1446 289
1447 289
1448 215
1449 289
1450 -50
1451 152
1452 152
1453 216
1454 397
1455 170
1456 142
1457 278
1458 -50
1459 -50
1460 142
1461 278
1462 163
1463 153
1464 202
1465 289
1466 -100
1467 208
1468 278
1469 278
1470 204
1471 204
1472 215
1473 215
1474 215
1475 215
1476 215
1477 215
1478 226
1479 215
1480 215
1481 226
1482 310
1483 289
1484 215
1485 226
1486 215
1487 215
1488 215
1489 215
1490 215
1491 215
1492 215
1493 215
1494 289
1495 267
1496 215
1497 215
1498 300
1499 289
1500 289
1501 153
1502 204
1503 215
1504 215
1505 226
1506 226
1507 289
1508 278
1509 226
1510 226
1511 215
1512 215
1513 215
1514 215
1515 215
1516 215
1517 215
1518 215
1519 289
1520 215
1521 142
1522 216
1523 226
1524 226
1525 215
1526 215
1527 215
1528 215
1529 300
1530 34
1531 152
1532 225
1533 142
1534 289
1535 215
1536 216
1537 215
1538 215
1539 142
1540 153
1541 227
1542 289
1543 215
1544 153
1545 226
1546 215
1547 153
1548 142
1549 204
1550 215
1551 -100
1552 300
1553 310
1554 152
1555 199
1556 215
1557 215
1558 152
1559 142
1560 216
1561 142
1562 131
1563 142
1564 142
1565 194
1566 226
1567 226
1568 226
1569 226
1570 215
1571 215
1572 215
1573 215
1574 142
1575 142
1576 -150
1577 300
1578 163
1579 215
1580 215
1581 215
1582 174
1583 -150
1584 153
1585 163
1586 142
1587 -250
1588 63
1589 142
1590 -250
1591 215
1592 289
1593 -50
1594 153
1595 289
1596 215
1597 -150
1598 131
1599 -200
1600 225
1601 153
1602 -250
1603 141
1604 -150
1605 204
1606 226
1607 289
1608 142
1609 138
1610 153
1611 153
1612 -300
1613 -150
1614 209
1615 215
1616 215
1617 215
1618 215
1619 215
1620 215
1621 215
1622 215
1623 215
1624 215
1625 215
1626 215
1627 142
1628 -300
1629 200
1630 300
1631 300
1632 300
1633 278
1634 289
1635 278
1636 278
1637 300
1638 215
1639 215
1640 215
1641 215
1642 215
1643 215
1644 226
1645 226
1646 300
1647 300
1648 300
1649 289
1650 289
1651 142
1652 215
1653 142
1654 163
1655 163
1656 149
1657 301
1658 215
1659 215
1660 204
1661 204
1662 215
1663 215
1664 215
1665 215
1666 226
1667 215
1668 215
1669 226
1670 215
1671 215
1672 215
1673 215
1674 215
1675 215
1676 215
1677 215
1678 215
1679 215
1680 215
1681 215
1682 215
1683 215
1684 215
1685 215
1686 215
1687 215
1688 289
1689 278
1690 215
1691 226
1692 300
1693 215
1694 142
1695 215
1696 215
1697 153
1698 152
1699 205
1700 215
1701 215
1702 289
1703 289
1704 226
1705 226
1706 300
1707 163
1708 236
1709 289
1710 226
1711 107
1712 215
1713 215
1714 215
1715 215
1716 215
1717 215
1718 215
1719 215
1720 226
1721 226
1722 226
1723 226
1724 215
1725 215
1726 289
1727 226
1728 152
1729 205
1730 278
1731 226
1732 86
1733 226
1734 204
1735 142
1736 215
1737 300
1738 215
1739 215
1740 215
1741 215
1742 215
1743 215
1744 142
1745 131
1746 205
1747 289
1748 278
1749 215
1750 215
1751 267
1752 289
1753 215
1754 215
1755 215
1756 215
1757 215
1758 215
1759 300
1760 226
1761 278
1762 163
1763 215
1764 -300
1765 131
1766 142
1767 224
1768 215
1769 215
1770 226
1771 226
1772 300
1773 174
1774 204
1775 300
1776 226
1777 289
1778 310
1779 -100
1780 -300
1781 -300
1782 226
1783 226
1784 152
1785 108
1786 300
1787 226
1788 289
1789 300
1790 153
1791 205
1792 247
1793 152
1794 -250
1795 163
1796 -300
1797 -300
1798 -50
1799 208
1800 215
1801 215
1802 215
1803 215
1804 152
1805 142
1806 216
1807 215
1808 215
1809 215
1810 215
1811 215
1812 215
1813 215
1814 215
1815 215
1816 215
1817 215
1818 152
1819 152
1820 205
1821 215
1822 215
1823 215
1824 215
1825 289
1826 215
1827 152
1828 204
1829 142
1830 278
1831 152
1832 323
1833 215
1834 226
1835 215
1836 215
1837 215
1838 152
1839 142
1840 215
1841 289
1842 278
1843 215
1844 226
1845 215
1846 215
1847 215
1848 215
1849 204
1850 204
1851 215
1852 215
1853 215
1854 215
1855 278
1856 289
1857 215
1858 215
1859 215
1860 215
1861 204
1862 204
1863 204
1864 204
1865 278
1866 215
1867 289
1868 289
1869 152
1870 215
1871 215
1872 215
1873 204
1874 205
1875 215
1876 215
1877 215
1878 215
1879 215
1880 215
1881 215
1882 131
1883 152
1884 226
1885 289
1886 278
1887 131
1888 278
1889 289
1890 -250
1891 152
1892 165
1893 215
1894 215
1895 215
1896 215
1897 215
1898 215
1899 215
1900 215
1901 215
1902 215
1903 215
1904 215
1905 215
1906 215
1907 215
1908 142
1909 278
1910 323
1911 108
1912 205
1913 278
1914 289
1915 215
1916 215
1917 215
1918 142
1919 -150
1920 252
1921 215
1922 -250
1923 170
1924 215
1925 215
1926 215
1927 215
1928 170
1929 215
1930 215
1931 204
1932 142
1933 119
1934 215
1935 215
1936 278
1937 278
1938 267
1939 157
1940 226
1941 -250
1942 141
1943 -300
1944 215
1945 162
1946 204
1947 204
1948 215
1949 131
1950 -300
1951 141
1952 142
1953 215
1954 215
1955 204
1956 204
1957 215
1958 215
1959 142
1960 152
1961 215
1962 142
1963 289
1964 215
1965 215
1966 142
1967 289
1968 278
1969 338
1970 289
1971 -50
1972 142
1973 188
1974 288
1975 215
1976 152
1977 215
1978 215
1979 215
1980 204
1981 204
1982 215
1983 215
1984 215
1985 215
1986 142
1987 131
1988 194
1989 215
1990 215
1991 215
1992 215
1993 215
1994 215
1995 204
1996 204
1997 215
1998 215
1999 215
2000 215
2001 215
2002 215
2003 142
2004 142
2005 216
2006 215
2007 215
2008 215
2009 215
2010 215
2011 215
2012 215
2013 215
2014 289
2015 278
2016 142
2017 289
2018 215
2019 216
2020 215
2021 215
2022 215
2023 215
2024 215
2025 215
2026 215
2027 215
2028 215
2029 215
2030 142
2031 289
2032 215
2033 215
2034 152
2035 142
2036 217
2037 215
2038 215
2039 152
2040 152
2041 216
2042 86
2043 152
2044 194
2045 215
2046 215
2047 215
2048 215
2049 215
2050 215
2051 152
2052 289
2053 278
2054 289
2055 215
2056 216
2057 215
2058 215
2059 204
2060 204
2061 215
2062 215
2063 215
2064 215
2065 215
2066 215
2067 278
2068 204
2069 152
2070 215
2071 278
2072 215
2073 215
2074 142
2075 204
2076 289
2077 237
2078 289
2079 215
2080 216
2081 289
2082 152
2083 215
2084 204
2085 204
2086 215
2087 215
2088 142
2089 152
2090 215
2091 204
2092 205
2093 204
2094 204
2095 215
2096 215
2097 215
2098 215
2099 215
2100 215
2101 278
2102 215
2103 142
2104 205
2105 204
2106 204
2107 278
2108 152
2109 204
2110 142
2111 142
2112 215
2113 215
2114 216
2115 215
2116 215
2117 152
2118 289
2119 278
2120 131
2121 142
2122 142
2123 184
2124 215
2125 215
2126 215
2127 215
2128 215
2129 204
2130 215
2131 215
2132 215
2133 204
2134 215
2135 215
2136 215
2137 215
2138 215
2139 215
2140 204
2141 226
2142 152
2143 170
2144 152
2145 215
2146 181
2147 215
2148 215
2149 215
2150 215
2151 215
2152 215
2153 215
2154 215
2155 215
2156 289
2157 108
2158 213
2159 215
2160 254
2161 215
2162 34
2163 254
2164 215
2165 215
2166 215
2167 215
2168 215
2169 215
2170 215
2171 152
2172 215
2173 215
2174 204
2175 289
2176 131
2177 289
2178 278
2179 289
2180 142
2181 278
2182 152
2183 278
2184 131
2185 278
2186 215
2187 215
2188 215
2189 215
2190 142
2191 152
2192 152
2193 142
2194 227
2195 215
2196 131
2197 142
2198 226
2199 152
2200 289
2201 215
2202 215
2203 142
2204 204
2205 278
2206 -300
2207 -100
2208 119
2209 289
2210 215
2211 -100
2212 -150
2213 136
2214 215
2215 215
2216 -150
2217 209
2218 215
2219 215
2220 204
2221 204
2222 215
2223 215
2224 215
2225 215
2226 215
2227 215
2228 215
2229 215
2230 215
2231 215
2232 215
2233 204
2234 204
2235 215
2236 215
2237 215
2238 215
2239 215
2240 215
2241 215
2242 215
2243 215
2244 215
2245 215
2246 215
2247 215
2248 204
2249 204
2250 215
2251 215
2252 215
2253 215
2254 204
2255 204
2256 215
2257 215
2258 215
2259 215
2260 289
2261 204
2262 142
2263 226
2264 215
2265 215
2266 215
2267 215
2268 215
2269 215
2270 215
2271 215
2272 215
2273 215
2274 215
2275 215
2276 215
2277 215
2278 204
2279 204
2280 215
2281 215
2282 204
2283 204
2284 215
2285 215
2286 215
2287 215
2288 215
2289 215
2290 215
2291 215
2292 215
2293 215
2294 142
2295 131
2296 205
2297 215
2298 -300
2299 267
2300 23
2301 -100
2302 142
2303 -300
2304 -300
2305 119
2306 81
2307 -200
2308 215
2309 -100
2310 209
2311 204
2312 204
2313 204
2314 204
2315 204
2316 204
2317 289
2318 289
2319 215
2320 215
2321 215
2322 215
2323 215
2324 204
2325 215
2326 226
2327 215
2328 215
2329 215
2330 204
2331 215
2332 226
2333 215
2334 204
2335 215
2336 226
2337 215
2338 215
2339 204
2340 204
2341 204
2342 204
2343 215
2344 215
2345 215
2346 215
2347 215
2348 215
2349 142
2350 142
2351 216
2352 215
2353 215
2354 215
2355 215
2356 204
2357 204
2358 204
2359 204
2360 215
2361 215
2362 215
2363 215
2364 215
2365 204
2366 215
2367 226
2368 215
2369 215
2370 215
2371 204
2372 142
2373 142
2374 215
2375 215
2376 227
2377 152
2378 289
2379 289
2380 131
2381 205
2382 289
2383 215
2384 289
2385 278
2386 289
2387 278
2388 142
2389 226
2390 204
2391 204
2392 215
2393 215
2394 289
2395 215
2396 152
2397 216
2398 215
2399 215
2400 142
2401 152
2402 216
2403 215
2404 215
2405 215
2406 215
2407 215
2408 204
2409 215
2410 226
2411 215
2412 215
2413 215
2414 215
2415 204
2416 204
2417 204
2418 204
2419 215
2420 204
2421 215
2422 226
2423 215
2424 215
2425 215
2426 215
2427 215
2428 215
2429 215
2430 215
2431 215
2432 215
2433 215
2434 215
2435 215
2436 215
2437 215
2438 215
2439 215
2440 215
2441 289
2442 215
2443 278
2444 289
2445 152
2446 216
2447 204
2448 204
2449 215
2450 215
2451 215
2452 215
2453 215
2454 215
2455 215
2456 215
2457 204
2458 204
2459 289
2460 278
2461 289
2462 289
2463 215
2464 215
2465 215
2466 215
2467 204
2468 204
2469 215
2470 215
2471 215
2472 204
2473 215
2474 226
2475 215
2476 215
2477 215
2478 215
2479 215
2480 215
2481 215
2482 215
2483 215
2484 215
2485 215
2486 215
2487 152
2488 -150
2489 152
2490 163
2491 152
