1 170
2 -50
3 -300
4 278
5 73
6 152
7 -150
8 215
9 273
10 -250
11 -300
12 153
13 -200
14 131
15 215
16 170
17 215
18 278
19 215
20 133
21 152
22 108
23 215
24 152
25 105
26 70
27 -50
28 152
29 108
30 142
31 108
32 215
33 142
34 105
35 152
36 -50
37 215
38 142
39 105
40 131
41 97
42 142
43 108
44 215
45 215
46 152
47 108
48 152
49 108
50 215
51 215
52 120
53 -50
54 142
55 -100
56 152
57 108
58 215
59 152
60 105
61 215
62 215
63 215
64 131
65 -100
66 215
67 215
68 120
69 -50
70 215
71 215
72 152
73 108
74 215
75 142
76 105
77 152
78 119
79 131
80 -100
81 288
82 215
83 118
84 142
85 108
86 215
87 215
88 142
89 -100
90 142
91 108
92 204
93 204
94 215
95 142
96 105
97 152
98 108
99 142
100 108
101 192
102 215
103 152
104 119
105 215
106 142
107 105
108 131
109 -50
110 215
111 152
112 -50
113 152
114 34
115 -50
116 142
117 108
118 215
119 215
120 142
121 108
122 152
123 119
124 152
125 108
126 215
127 152
128 105
129 215
130 131
131 116
132 152
133 108
134 131
135 97
136 215
137 142
138 -100
139 142
140 108
141 131
142 86
143 120
144 -50
145 288
146 152
147 213
148 142
149 108
150 -50
151 104
152 215
153 152
154 94
155 152
156 108
157 152
158 119
159 278
160 142
161 202
162 152
163 108
164 215
165 215
166 215
167 152
168 94
169 152
170 119
171 215
172 152
173 94
174 152
175 119
176 215
177 215
178 142
179 108
180 215
181 131
182 116
183 215
184 215
185 152
186 108
187 142
188 108
189 170
190 152
191 -100
192 215
193 -300
194 215
195 215
196 131
197 86
198 142
199 -50
200 142
201 108
202 142
203 108
204 215
205 120
206 127
207 142
208 108
209 152
210 108
211 215
212 215
213 142
214 108
215 142
216 108
217 215
218 204
219 131
220 97
221 131
222 97
223 142
224 108
225 215
226 152
227 105
228 152
229 119
230 120
231 86
232 152
233 108
234 215
235 215
236 142
237 -50
238 131
239 97
240 215
241 215
242 131
243 97
244 215
245 120
246 127
247 152
248 -50
249 215
250 215
251 215
252 215
253 215
254 215
255 142
256 108
257 215
258 215
259 215
260 215
261 215
262 215
263 215
264 152
265 105
266 215
267 215
268 142
269 -50
270 215
271 131
272 116
273 152
274 108
275 215
276 152
277 105
278 152
279 119
280 152
281 108
282 215
283 142
284 105
285 215
286 215
287 152
288 -50
289 215
290 215
291 152
292 108
293 215
294 152
295 105
296 215
297 131
298 127
299 152
300 108
301 152
302 108
303 215
304 215
305 215
306 152
307 105
308 170
309 152
310 105
311 215
312 215
313 215
314 142
315 105
316 152
317 108
318 142
319 108
320 215
321 152
322 94
323 215
324 131
325 116
326 215
327 142
328 105
329 215
330 215
331 152
332 119
333 215
334 215
335 215
336 152
337 105
338 215
339 131
340 116
341 152
342 108
343 215
344 120
345 127
346 152
347 108
348 131
349 86
350 131
351 86
352 152
353 119
354 215
355 215
356 142
357 108
358 142
359 108
360 152
361 119
362 142
363 108
364 142
365 108
366 215
367 131
368 116
369 215
370 215
371 152
372 108
373 215
374 215
375 131
376 -50
377 215
378 131
379 116
380 142
381 108
382 152
383 108
384 131
385 86
386 131
387 97
388 152
389 108
390 204
391 142
392 94
393 215
394 215
395 215
396 152
397 105
398 142
399 108
400 215
401 215
402 215
403 142
404 105
405 215
406 215
407 142
408 108
409 215
410 215
411 215
412 142
413 105
414 215
415 152
416 105
417 215
418 215
419 152
420 108
421 131
422 86
423 142
424 108
425 142
426 108
427 215
428 215
429 215
430 215
431 215
432 215
433 215
434 152
435 105
436 131
437 -50
438 142
439 108
440 215
441 215
442 142
443 108
444 142
445 108
446 142
447 108
448 152
449 119
450 131
451 97
452 215
453 215
454 215
455 215
456 152
457 108
458 215
459 215
460 131
461 -50
462 152
463 108
464 215
465 152
466 105
467 215
468 152
469 94
470 152
471 108
472 142
473 108
474 215
475 142
476 105
477 131
478 97
479 215
480 131
481 127
482 215
483 142
484 105
485 215
486 152
487 105
488 152
489 -50
490 215
491 131
492 116
493 131
494 86
495 215
496 142
497 105
498 142
499 108
500 142
501 108
502 152
503 108
504 215
505 152
506 105
507 215
508 142
509 105
510 215
511 142
512 105
513 215
514 142
515 105
516 215
517 215
518 142
519 108
520 215
521 215
522 142
523 108
524 131
525 -50
526 215
527 215
528 215
529 152
530 105
531 152
532 -50
533 215
534 215
535 215
536 152
537 -100
538 215
539 131
540 127
541 142
542 108
543 152
544 -50
545 215
546 152
547 105
548 120
549 86
550 142
551 108
552 215
553 152
554 94
555 215
556 215
557 215
558 131
559 116
560 131
561 86
562 215
563 142
564 105
565 204
566 152
567 -50
568 215
569 215
570 215
571 152
572 105
573 215
574 215
575 142
576 108
577 215
578 215
579 204
580 204
581 215
582 215
583 215
584 120
585 127
586 131
587 86
588 152
589 119
590 215
591 215
592 120
593 -50
594 152
595 108
596 215
597 215
598 215
599 142
600 -100
601 215
602 215
603 215
604 152
605 105
606 152
607 108
608 215
609 152
610 105
611 152
612 108
613 131
614 97
615 152
616 -50
617 215
618 131
619 116
620 142
621 108
622 152
623 108
624 142
625 108
626 142
627 108
628 142
629 -150
630 142
631 152
632 226
633 215
634 215
635 215
636 215
637 215
638 215
639 215
640 215
641 215
642 215
643 215
644 278
645 215
646 118
647 215
648 215
649 204
650 204
651 215
652 215
653 142
654 -100
655 152
656 179
657 215
658 215
659 131
660 -50
661 131
662 -150
663 278
664 215
665 166
666 142
667 108
668 215
669 215
670 226
671 215
672 299
673 215
674 129
675 152
676 119
677 215
678 204
679 215
680 215
681 215
682 204
683 142
684 129
685 152
686 -150
687 289
688 215
689 152
690 131
691 -100
692 289
693 204
694 196
695 215
696 215
697 204
698 204
699 215
700 215
701 152
702 -100
703 289
704 215
705 167
706 215
707 204
708 215
709 215
710 142
711 119
712 215
713 215
714 215
715 215
716 215
717 215
718 215
719 204
720 131
721 108
722 215
723 215
724 120
725 -50
726 208
727 142
728 108
729 215
730 215
731 215
732 215
733 142
734 108
735 215
736 215
737 152
738 108
739 204
740 204
741 215
742 204
743 215
744 215
745 215
746 204
747 131
748 119
749 215
750 215
751 131
752 97
753 215
754 215
755 215
756 215
757 215
758 215
759 215
760 215
761 215
762 215
763 226
764 204
765 289
766 204
767 140
768 152
769 119
770 152
771 108
772 226
773 215
774 215
775 215
776 142
777 119
778 204
779 204
780 215
781 215
782 215
783 215
784 152
785 -200
786 278
787 215
788 155
789 215
790 215
791 120
792 -100
793 215
794 215
795 215
796 215
797 215
798 204
799 215
800 204
801 289
802 215
803 129
804 215
805 204
806 215
807 215
808 142
809 119
810 215
811 204
812 131
813 -100
814 289
815 215
816 190
817 131
818 -100
819 215
820 215
821 215
822 215
823 215
824 215
825 215
826 215
827 215
828 204
829 131
830 34
831 107
832 215
833 204
834 152
835 119
836 131
837 -300
838 142
839 189
840 120
841 -100
842 142
843 165
844 163
845 119
846 131
847 34
848 -50
849 289
850 215
851 174
852 215
853 215
854 215
855 215
856 215
857 215
858 215
859 215
860 142
861 45
862 -200
863 289
864 215
865 151
866 142
867 -50
868 -150
869 120
870 141
871 142
872 108
873 215
874 215
875 120
876 -50
877 226
878 215
879 215
880 215
881 215
882 204
883 142
884 129
885 215
886 215
887 215
888 215
889 215
890 215
891 131
892 -50
893 142
894 -50
895 -150
896 142
897 165
898 215
899 215
900 142
901 -150
902 289
903 215
904 165
905 152
906 119
907 215
908 215
909 215
910 215
911 142
912 -150
913 142
914 169
915 215
916 204
917 215
918 215
919 215
920 215
921 215
922 226
923 152
924 -100
925 289
926 215
927 169
928 215
929 204
930 142
931 119
932 215
933 215
934 131
935 -150
936 289
937 215
938 173
939 215
940 215
941 215
942 215
943 215
944 215
945 152
946 119
947 215
948 204
949 226
950 215
951 289
952 215
953 129
954 215
955 215
956 142
957 108
958 142
959 34
960 -100
961 208
962 215
963 204
964 152
965 119
966 226
967 215
968 215
969 215
970 131
971 34
972 289
973 215
974 175
975 142
976 108
977 215
978 215
979 215
980 215
981 215
982 215
983 226
984 215
985 215
986 215
987 215
988 215
989 142
990 119
991 226
992 215
993 215
994 215
995 142
996 119
997 163
998 119
999 215
1000 215
1001 215
1002 215
1003 142
1004 108
1005 204
1006 204
1007 131
1008 24
1009 34
1010 34
1011 107
1012 215
1013 215
1014 215
1015 215
1016 215
1017 215
1018 152
1019 108
1020 215
1021 215
1022 215
1023 215
1024 215
1025 215
1026 152
1027 119
1028 142
1029 -300
1030 142
1031 157
1032 142
1033 34
1034 107
1035 215
1036 204
1037 181
1038 215
1039 215
1040 226
1041 215
1042 215
1043 215
1044 215
1045 152
1046 108
1047 142
1048 -100
1049 289
1050 226
1051 189
1052 142
1053 -100
1054 278
1055 215
1056 186
1057 215
1058 215
1059 163
1060 119
1061 204
1062 204
1063 142
1064 -300
1065 277
1066 278
1067 289
1068 226
1069 111
1070 215
1071 215
1072 142
1073 -100
1074 278
1075 215
1076 192
1077 152
1078 108
1079 215
1080 215
1081 215
1082 215
1083 215
1084 215
1085 152
1086 108
1087 142
1088 108
1089 215
1090 215
1091 215
1092 215
1093 142
1094 -50
1095 -100
1096 215
1097 215
1098 142
1099 181
1100 215
1101 215
1102 215
1103 215
1104 142
1105 108
1106 181
1107 215
1108 215
1109 215
1110 288
1111 215
1112 -100
1113 131
1114 166
1115 215
1116 215
1117 142
1118 -300
1119 71
1120 -200
1121 278
1122 215
1123 174
1124 138
1125 193
1126 152
1127 -100
1128 189
1129 215
1130 215
1131 131
1132 -300
1133 209
1134 215
1135 215
1136 181
1137 215
1138 215
1139 215
1140 142
1141 108
1142 152
1143 119
1144 142
1145 34
1146 107
1147 215
1148 215
1149 215
1150 215
1151 288
1152 215
1153 -300
1154 142
1155 186
1156 142
1157 -50
1158 289
1159 215
1160 177
1161 215
1162 215
1163 215
1164 215
1165 142
1166 34
1167 -300
1168 289
1169 226
1170 175
1171 215
1172 215
1173 142
1174 108
1175 215
1176 215
1177 215
1178 215
1179 215
1180 215
1181 215
1182 215
1183 142
1184 108
1185 120
1186 -250
1187 -100
1188 278
1189 278
1190 289
1191 215
1192 192
1193 215
1194 215
1195 215
1196 131
1197 118
1198 142
1199 108
1200 215
1201 215
1202 152
1203 119
1204 131
1205 -150
1206 152
1207 172
1208 131
1209 -50
1210 152
1211 192
1212 204
1213 204
1214 215
1215 215
1216 152
1217 -50
1218 -300
1219 -200
1220 289
1221 215
1222 162
1223 152
1224 -300
1225 132
1226 175
1227 226
1228 215
1229 152
1230 129
1231 153
1232 119
1233 215
1234 215
1235 215
1236 215
1237 215
1238 215
1239 215
1240 215
1241 213
1242 215
1243 142
1244 45
1245 107
1246 215
1247 215
1248 120
1249 86
1250 215
1251 215
1252 152
1253 -300
1254 204
1255 131
1256 -100
1257 152
1258 174
1259 215
1260 215
1261 215
1262 215
1263 215
1264 215
1265 204
1266 204
1267 142
1268 -100
1269 152
1270 192
1271 131
1272 -350
1273 278
1274 215
1275 152
1276 120
1277 -200
1278 289
1279 215
1280 146
1281 120
1282 -300
1283 289
1284 215
1285 144
1286 120
1287 -100
1288 215
1289 215
1290 215
1291 215
1292 215
1293 215
1294 142
1295 -100
1296 120
1297 130
1298 226
1299 204
1300 289
1301 215
1302 140
1303 204
1304 204
1305 215
1306 215
1307 215
1308 215
1309 215
1310 215
1311 215
1312 215
1313 131
1314 -200
1315 142
1316 148
1317 215
1318 215
1319 215
1320 215
1321 215
1322 215
1323 142
1324 -300
1325 289
1326 215
1327 176
1328 215
1329 215
1330 215
1331 215
1332 215
1333 204
1334 142
1335 119
1336 204
1337 204
1338 215
1339 215
1340 215
1341 215
1342 153
1343 -50
1344 215
1345 215
1346 215
1347 215
1348 215
1349 204
1350 215
1351 215
1352 120
1353 -50
1354 289
1355 215
1356 180
1357 215
1358 215
1359 152
1360 108
1361 215
1362 215
1363 215
1364 204
1365 215
1366 215
1367 215
1368 215
1369 142
1370 119
1371 215
1372 215
1373 152
1374 108
1375 142
1376 34
1377 107
1378 215
1379 215
1380 215
1381 215
1382 152
1383 119
1384 226
1385 215
1386 215
1387 215
1388 152
1389 129
1390 215
1391 204
1392 226
1393 204
1394 289
1395 215
1396 140
1397 215
1398 215
1399 215
1400 204
1401 131
1402 -100
1403 289
1404 215
1405 173
1406 215
1407 215
1408 131
1409 -300
1410 278
1411 215
1412 181
1413 152
1414 119
1415 215
1416 215
1417 120
1418 -100
1419 208
1420 215
1421 215
1422 215
1423 215
1424 215
1425 215
1426 215
1427 215
1428 215
1429 215
1430 152
1431 -200
1432 142
1433 146
1434 142
1435 -150
1436 289
1437 215
1438 152
1439 215
1440 215
1441 152
1442 108
1443 215
1444 215
1445 120
1446 -300
1447 278
1448 215
1449 176
1450 215
1451 204
1452 215
1453 215
1454 215
1455 215
1456 215
1457 215
1458 215
1459 204
1460 289
1461 204
1462 140
1463 215
1464 215
1465 163
1466 129
1467 215
1468 215
1469 142
1470 108
1471 215
1472 215
1473 215
1474 215
1475 215
1476 215
1477 120
1478 -300
1479 289
1480 215
1481 146
1482 215
1483 215
1484 131
1485 -150
1486 397
1487 -100
1488 215
1489 144
1490 142
1491 -150
1492 289
1493 215
1494 158
1495 215
1496 215
1497 215
1498 215
1499 215
1500 215
1501 215
1502 215
1503 215
1504 215
1505 142
1506 -300
1507 289
1508 204
1509 201
1510 142
1511 -50
1512 215
1513 215
1514 152
1515 119
1516 152
1517 108
1518 204
1519 204
1520 215
1521 215
1522 215
1523 215
1524 215
1525 215
1526 142
1527 108
1528 152
1529 119
1530 215
1531 215
1532 142
1533 -300
1534 142
1535 155
1536 215
1537 215
1538 215
1539 215
1540 215
1541 215
1542 215
1543 215
1544 215
1545 215
1546 215
1547 215
1548 215
1549 215
1550 215
1551 215
1552 142
1553 108
1554 215
1555 215
1556 131
1557 -150
1558 152
1559 165
1560 215
1561 215
1562 215
1563 215
1564 131
1565 -200
1566 204
1567 215
1568 215
1569 215
1570 215
1571 215
1572 215
1573 215
1574 215
1575 215
1576 215
1577 204
1578 208
1579 215
1580 215
1581 215
1582 215
1583 215
1584 152
1585 118
1586 215
1587 215
1588 215
1589 215
1590 215
1591 215
1592 152
1593 -100
1594 289
1595 215
1596 188
1597 215
1598 215
1599 288
1600 215
1601 -150
1602 289
1603 215
1604 170
1605 142
1606 108
1607 215
1608 204
1609 142
1610 45
1611 -50
1612 -100
1613 142
1614 181
1615 142
1616 -100
1617 -200
1618 278
1619 215
1620 176
1621 215
1622 215
1623 204
1624 204
1625 131
1626 24
1627 107
1628 204
1629 204
1630 215
1631 215
1632 226
1633 215
1634 215
1635 215
1636 131
1637 45
1638 34
1639 -100
1640 289
1641 215
1642 -300
1643 -300
1644 120
1645 155
1646 142
1647 -100
1648 204
1649 215
1650 152
1651 168
1652 215
1653 215
1654 215
1655 215
1656 120
1657 -300
1658 289
1659 299
1660 278
1661 215
1662 170
1663 215
1664 215
1665 152
1666 -100
1667 131
1668 169
1669 215
1670 215
1671 131
1672 -300
1673 -100
1674 170
1675 215
1676 278
1677 215
1678 192
1679 215
1680 204
1681 215
1682 215
1683 131
1684 108
1685 215
1686 204
1687 131
1688 -100
1689 209
1690 131
1691 97
1692 215
1693 215
1694 215
1695 215
1696 215
1697 215
1698 142
1699 -100
1700 204
1701 204
1702 215
1703 142
1704 118
1705 215
1706 215
1707 152
1708 34
1709 -50
1710 215
1711 215
1712 215
1713 215
1714 215
1715 215
1716 215
1717 215
1718 267
1719 215
1720 96
1721 142
1722 108
1723 215
1724 215
1725 152
1726 108
1727 152
1728 119
1729 215
1730 215
1731 142
1732 -50
1733 215
1734 215
1735 159
1736 193
1737 215
1738 215
1739 215
1740 204
1741 142
1742 119
1743 215
1744 215
1745 215
1746 215
1747 142
1748 45
1749 107
1750 170
1751 215
1752 192
1753 215
1754 226
1755 215
1756 120
1757 119
1758 215
1759 215
1760 215
1761 215
1762 142
1763 34
1764 107
1765 215
1766 215
1767 142
1768 -50
1769 152
1770 119
1771 142
1772 108
1773 215
1774 215
1775 142
1776 108
1777 142
1778 108
1779 215
1780 215
1781 278
1782 288
1783 226
1784 215
1785 204
1786 215
1787 120
1788 -100
1789 215
1790 215
1791 120
1792 169
1793 170
1794 204
1795 215
1796 215
1797 142
1798 108
1799 152
1800 108
1801 142
1802 108
1803 142
1804 108
1805 215
1806 215
1807 215
1808 215
1809 215
1810 215
1811 152
1812 119
1813 215
1814 215
1815 152
1816 108
1817 142
1818 108
1819 142
1820 108
1821 215
1822 215
1823 142
1824 108
1825 226
1826 215
1827 181
1828 215
1829 215
1830 215
1831 142
1832 119
1833 215
1834 215
1835 215
1836 215
1837 142
1838 24
1839 118
1840 142
1841 108
1842 120
1843 -300
1844 278
1845 288
1846 289
1847 215
1848 192
1849 152
1850 119
1851 215
1852 204
1853 181
1854 226
1855 142
1856 108
1857 215
1858 215
1859 152
1860 119
1861 142
1862 108
1863 215
1864 215
1865 142
1866 108
1867 215
1868 131
1869 118
1870 215
1871 215
1872 215
1873 204
1874 142
1875 119
1876 215
1877 215
1878 215
1879 215
1880 215
1881 215
1882 215
1883 152
1884 107
1885 152
1886 108
1887 142
1888 108
1889 131
1890 97
1891 120
1892 -100
1893 152
1894 119
1895 131
1896 97
1897 152
1898 119
1899 142
1900 108
1901 215
1902 215
1903 152
1904 119
1905 142
1906 108
1907 215
1908 204
1909 152
1910 129
1911 142
1912 108
1913 288
1914 215
1915 107
1916 131
1917 86
1918 215
1919 215
1920 204
1921 204
1922 131
1923 97
1924 215
1925 215
1926 215
1927 215
1928 288
1929 215
1930 107
1931 152
1932 119
1933 215
1934 215
1935 152
1936 108
1937 215
1938 204
1939 215
1940 215
1941 142
1942 119
1943 202
1944 215
1945 289
1946 215
1947 129
1948 152
1949 119
1950 215
1951 215
1952 215
1953 215
1954 226
1955 215
1956 142
1957 119
1958 181
1959 215
1960 142
1961 108
1962 215
1963 215
1964 152
1965 119
1966 131
1967 97
1968 215
1969 204
1970 215
1971 215
1972 215
1973 215
1974 215
1975 215
1976 215
1977 215
1978 215
1979 215
1980 215
1981 215
1982 226
1983 226
1984 215
1985 215
1986 215
1987 215
1988 226
1989 215
1990 131
1991 119
1992 131
1993 -50
1994 152
1995 119
1996 215
1997 215
1998 215
1999 215
2000 152
2001 108
2002 215
2003 215
2004 215
2005 215
2006 215
2007 215
2008 215
2009 215
2010 215
2011 215
2012 142
2013 108
2014 215
2015 215
2016 204
2017 204
2018 215
2019 215
2020 120
2021 86
2022 215
2023 215
2024 152
2025 119
2026 152
2027 119
2028 215
2029 215
2030 215
2031 215
2032 120
2033 86
2034 142
2035 108
2036 215
2037 204
2038 215
2039 215
2040 215
2041 215
2042 142
2043 119
2044 215
2045 215
2046 142
2047 108
2048 215
2049 215
2050 215
2051 204
2052 152
2053 129
2054 215
2055 215
2056 215
2057 215
2058 215
2059 215
2060 152
2061 119
2062 142
2063 108
2064 131
2065 97
2066 215
2067 204
2068 215
2069 215
2070 142
2071 119
2072 215
2073 215
2074 215
2075 204
2076 215
2077 215
2078 215
2079 215
2080 142
2081 119
2082 142
2083 108
2084 215
2085 215
2086 215
2087 215
2088 215
2089 215
2090 215
2091 215
2092 215
2093 120
2094 129
2095 215
2096 215
2097 215
2098 215
2099 215
2100 215
2101 131
2102 86
2103 215
2104 215
2105 215
2106 215
2107 215
2108 215
2109 142
2110 -50
2111 215
2112 215
2113 152
2114 119
2115 152
2116 119
2117 120
2118 86
2119 215
2120 215
2121 215
2122 215
2123 288
2124 215
2125 107
2126 152
2127 108
2128 152
2129 108
2130 131
2131 97
2132 215
2133 215
2134 142
2135 108
2136 215
2137 215
2138 215
2139 215
2140 215
2141 204
2142 131
2143 97
2144 215
2145 215
2146 215
2147 215
2148 215
2149 215
2150 215
2151 215
2152 131
2153 34
2154 107
2155 215
2156 215
2157 215
2158 215
2159 215
2160 215
2161 131
2162 86
2163 215
2164 215
2165 226
2166 215
2167 142
2168 119
2169 152
2170 119
2171 215
2172 215
2173 215
2174 215
2175 215
2176 215
2177 215
2178 215
2179 215
2180 215
2181 215
2182 215
2183 152
2184 97
2185 215
2186 215
2187 131
2188 97
2189 215
2190 204
2191 152
2192 119
2193 215
2194 215
2195 215
2196 215
2197 215
2198 215
2199 215
2200 215
2201 142
2202 108
2203 226
2204 215
2205 215
2206 204
2207 152
2208 129
2209 215
2210 215
2211 215
2212 215
2213 181
2214 215
2215 142
2216 108
2217 215
2218 215
2219 215
2220 215
2221 215
2222 215
2223 142
2224 108
2225 142
2226 108
2227 142
2228 108
2229 215
2230 215
2231 131
2232 -50
2233 226
2234 215
2235 215
2236 215
2237 215
2238 215
2239 215
2240 215
2241 131
2242 97
2243 181
2244 215
2245 215
2246 215
2247 215
2248 215
2249 215
2250 215
2251 215
2252 215
2253 215
2254 215
2255 215
2256 204
2257 226
2258 215
2259 289
2260 226
2261 118
2262 215
2263 215
2264 215
2265 215
2266 152
2267 -50
2268 215
2269 204
2270 215
2271 215
2272 215
2273 131
2274 129
2275 152
2276 108
2277 215
2278 215
2279 142
2280 108
2281 142
2282 108
2283 215
2284 215
2285 215
2286 215
2287 142
2288 108
2289 215
2290 215
2291 215
2292 215
2293 131
2294 -100
2295 120
2296 86
2297 215
2298 215
2299 215
2300 215
2301 142
2302 108
2303 215
2304 215
2305 142
2306 108
2307 215
2308 215
2309 152
2310 108
2311 215
2312 215
2313 215
2314 215
2315 142
2316 -100
2317 181
2318 215
2319 215
2320 215
2321 215
2322 215
2323 142
2324 -50
2325 215
2326 215
2327 152
2328 108
2329 215
2330 204
2331 142
2332 119
2333 215
2334 215
2335 215
2336 215
2337 215
2338 215
2339 142
2340 108
2341 215
2342 204
2343 215
2344 215
2345 215
2346 215
2347 142
2348 45
2349 107
2350 215
2351 215
2352 142
2353 108
2354 215
2355 215
2356 152
2357 108
2358 226
2359 215
2360 215
2361 215
2362 215
2363 142
2364 118
2365 142
2366 108
2367 131
2368 97
2369 142
2370 108
2371 142
2372 -50
2373 215
2374 215
2375 131
2376 -100
2377 204
2378 204
2379 215
2380 215
2381 215
2382 215
2383 131
2384 -50
2385 215
2386 215
2387 152
2388 108
2389 152
2390 119
2391 215
2392 215
2393 215
2394 215
2395 215
2396 215
2397 204
2398 204
2399 215
2400 215
2401 215
2402 215
2403 215
2404 215
2405 215
2406 215
2407 215
2408 215
2409 215
2410 204
2411 152
2412 119
2413 142
2414 108
2415 215
2416 215
2417 215
2418 204
2419 215
2420 215
2421 142
2422 119
2423 215
2424 215
2425 215
2426 215
2427 152
2428 119
2429 142
2430 97
2431 142
2432 108
2433 152
2434 119
2435 170
2436 204
2437 215
2438 215
2439 226
2440 204
2441 278
2442 215
2443 129
2444 131
2445 97
2446 152
2447 -50
2448 204
2449 204
2450 215
2451 215
2452 215
2453 131
2454 129
2455 131
2456 86
2457 215
2458 215
2459 120
2460 86
2461 142
2462 108
2463 215
2464 204
2465 131
2466 97
2467 215
2468 142
2469 107
2470 152
2471 108
2472 215
2473 204
2474 120
2475 97
2476 215
2477 215
2478 142
2479 108
2480 215
2481 215
2482 131
2483 86
2484 215
2485 215
2486 131
2487 -50
2488 152
2489 108
2490 215
2491 204
2492 215
2493 215
2494 215
2495 215
2496 131
2497 97
2498 288
2499 215
2500 107
2501 215
2502 215
2503 152
2504 108
2505 215
2506 215
2507 131
2508 -50
2509 152
2510 108
2511 215
2512 215
